int
1555
1551
1547
1543
1103
1099
1028
1041
1798
1095
1087
1083
1079
1536
1037
1104
1794
1068
1075
1088
1616
1612
1608
1604
1584
1580
1576
1572
1601
1026
1067
1063
1059
1055
1051
1033
1570
3095
0
0
1051
0
0
1047
1604
1549
1578
1095
0
0
1055
1612
1107
1545
1574
1091
1796
1067
1603
1571
1539
1792
1585
1618
1103
1099
1032
1087
1083
1079
1581
1028
1542
1075
1071
1063
1024
1609
1059
1043
1554
3087
0
0
1055
0
0
1028
1793
1051
1614
1067
0
1536
1605
1107
0
1091
1603
1568
1025
1610
1044
1587
1583
1544
1037
1575
1092
1555
1618
1576
1033
1551
1543
1103
1798
1099
1087
1083
1079
1075
1071
1063
1059
3091
0
0
0
0
0
0
0
0
1032
1605
1542
1799
0
0
0
0
0
1568
1045
1538
1795
0
0
0
0
0
1028
1025
1050
1619
0
0
1094
0
1106
1052
1037
1090
1615
1066
1602
1586
1582
1574
1544
1577
1554
1550
1102
1098
1086
1082
1078
1074
1070
1062
1058
1042
3659
0
0
0
0
0
0
0
0
1036
1605
1798
1543
0
0
0
0
0
1568
1049
1794
1539
0
0
0
1095
0
1032
1045
1618
1067
0
1107
0
1091
1603
1028
1025
1614
1587
1583
1575
1555
1551
1547
1052
1577
1610
1103
1099
1087
1083
1079
1075
1071
1063
1059
3091
0
0
0
0
0
0
0
0
1572
1605
1054
1799
0
0
0
0
0
1568
1045
1538
1795
0
0
0
0
0
1032
1025
1050
1619
0
0
1094
0
1106
1028
1037
1090
1615
1066
1602
1586
1582
1554
1544
1577
1550
1542
1102
1098
1086
1082
1078
1074
1070
1062
1058
1042
3659
0
0
0
0
0
0
0
0
1572
1605
1542
1799
0
0
0
0
0
1568
1045
1538
1795
0
0
0
0
0
1032
1025
1050
1619
0
0
1094
0
1106
1028
1037
1090
1615
1066
1602
1586
1582
1554
1052
1577
1550
1546
1102
1098
1086
1082
1078
1074
1070
1062
1058
1042
3659
0
0
0
0
0
0
0
0
1572
1605
1798
1055
0
0
0
0
0
1568
1049
1794
1539
0
0
0
1095
0
1032
1045
1618
1067
0
1107
0
1091
1603
1028
1025
1614
1587
1583
1579
1555
1551
1543
1544
1037
1610
1103
1099
1087
1083
1079
1075
1071
1063
1059
3091
0
0
0
0
0
0
0
0
1572
1605
1542
1799
0
0
0
0
0
1568
1045
1538
1795
0
0
0
0
0
1028
1025
1050
1619
0
0
1094
0
1106
1052
1037
1090
1615
1066
1602
1586
1582
1578
1544
1033
1554
1550
1102
1098
1086
1082
1078
1074
1070
1062
1058
1042
3659
0
0
1055
0
0
1600
1793
1051
1578
1067
0
1572
1041
1107
0
1091
1619
1536
1025
1586
1044
1615
1607
1544
1033
1571
1608
1555
1582
1092
1029
1551
1543
1103
1798
1099
1087
1083
1079
1075
1071
1063
1059
3087
0
0
0
0
0
0
0
0
1572
1025
1542
1799
0
0
0
0
0
1032
1601
1538
1795
0
0
0
0
0
1028
1585
1050
1047
0
0
1094
0
1106
1052
1581
1090
1043
1066
1618
1614
1606
1570
1544
1577
1554
1550
1102
1098
1086
1082
1078
1074
1070
1062
1058
1038
3659
0
0
0
0
0
0
0
0
1572
1041
1798
1543
0
0
0
0
0
1024
1601
1794
1539
0
0
0
1095
0
1032
1585
1050
1067
0
1107
0
1091
1619
1028
1581
1046
1615
1607
1571
1555
1551
1547
1052
1577
1610
1103
1099
1087
1083
1079
1075
1071
1063
1059
3087
0
0
1611
0
0
1600
1793
1095
1554
0
1055
1024
1033
1051
0
1067
0
1040
1569
1550
1107
0
1091
1036
1541
1619
1576
1615
1546
1044
1029
1607
1587
1583
1798
1575
1539
1103
1099
1087
1083
1079
1075
1071
1063
3107
0
0
1095
0
0
1579
1040
1029
1798
1091
0
1107
0
1036
1537
1794
1071
1053
1067
1619
1600
1049
1026
1615
1609
1607
1587
1032
1045
1570
1583
1545
1575
1555
1551
1543
1103
1099
1087
1083
1079
1075
1063
3107
0
0
0
0
0
0
0
0
0
1052
1033
1538
1543
0
0
0
0
0
0
1568
1601
1794
1799
0
0
0
0
1095
0
1048
1029
1042
1107
0
1071
0
1067
0
1091
1044
1025
1038
1619
1615
1607
1587
1583
1575
1555
1544
1577
1610
1551
1103
1099
1087
1083
1079
1075
1063
3107
0
0
0
0
0
0
0
0
0
1024
1037
1798
1543
0
0
0
0
1095
0
1568
1601
1794
1091
0
1107
0
1071
0
1067
1052
1033
1538
1619
1615
1607
1587
1583
1575
1555
1048
1029
1042
1551
1547
1103
1099
1087
1083
1079
1044
1577
1610
1075
1063
3107
0
0
0
0
0
0
0
0
1552
1601
1798
1039
0
0
0
1095
0
1548
1053
1794
1107
0
1091
0
1067
1619
1544
1049
1034
1615
1607
1587
1583
1539
1103
1540
1577
1030
1099
1087
1083
1079
1075
1071
1044
1573
1610
1063
1059
0
0
0
0
1040
1569
3074
0
0
0
0
0
0
0
0
0
1572
1033
1798
1047
0
0
0
0
0
0
1568
1601
1794
1539
0
0
0
1095
0
1107
1052
1029
1042
1071
0
1067
0
1091
1619
1615
1048
1025
1038
1607
1587
1583
1555
1551
1543
1103
1544
1577
1610
1099
1087
1083
1079
1075
1063
3107
0
0
0
0
0
0
0
0
0
1572
1029
1542
1799
0
0
0
0
0
0
1568
1601
1538
1795
0
0
0
0
0
0
1048
1025
1042
1039
0
0
1094
0
1070
0
1044
1053
1066
1035
1090
0
1106
1618
1614
1606
1544
1577
1586
1582
1554
1550
1102
1098
1086
1082
1078
1074
1062
1058
3659
0
0
0
0
0
0
0
0
0
1572
1033
1798
1543
0
0
0
0
0
0
1568
1601
1794
1539
0
0
0
0
1095
0
1052
1029
1042
1107
0
1071
0
1067
0
1091
1048
1025
1038
1619
1615
1607
1587
1583
1555
1551
1044
1577
1610
1547
1103
1099
1087
1083
1079
1075
1063
3107
0
0
0
0
0
0
0
0
1572
1029
1542
1799
0
0
0
0
0
1568
1601
1046
1795
0
0
0
0
0
1552
1025
1042
1039
0
0
1094
0
1066
1548
1053
1106
1035
1090
1618
1614
1606
1586
1544
1049
1582
1578
1538
1102
1098
1086
1082
1078
1074
1070
1062
1058
3659
0
0
0
0
0
0
0
0
1052
1041
1798
1035
0
0
0
1095
0
1608
1091
1601
1794
1107
0
1071
0
1067
1048
1619
1615
1037
1030
1607
1587
1583
1579
1544
1555
1551
1543
1025
1538
1103
1099
1087
1044
1083
1079
1075
1573
1063
1570
3107
0
0
0
0
0
0
0
0
0
1572
1033
1798
1543
0
0
0
0
0
0
1568
1601
1794
1539
0
0
0
0
1095
0
1048
1029
1042
1107
0
1071
0
1067
0
1091
1044
1025
1038
1619
1615
1607
1587
1583
1579
1555
1544
1053
1610
1551
1103
1099
1087
1083
1079
1075
1063
3107
0
0
0
0
0
0
0
0
0
1572
1037
1798
1543
0
0
0
1095
0
1091
1568
1601
1794
1107
0
1071
0
1067
1619
1615
1052
1033
1538
1607
1587
1583
1579
1555
1551
1547
1048
1029
1042
1103
1099
1087
1083
1079
1075
1063
1044
1025
1610
3107
0
0
0
0
0
0
0
0
1572
1605
1054
1799
0
0
0
0
0
1024
1601
1538
1795
0
0
0
0
0
1032
1585
1050
1047
0
0
1094
0
1106
1028
1581
1090
1043
1066
1618
1614
1570
1554
1544
1577
1550
1542
1102
1098
1086
1082
1078
1074
1070
1062
1058
1038
3659
0
0
0
0
0
0
0
0
1572
1605
1542
1799
0
0
0
0
0
1024
1601
1538
1795
0
0
0
0
0
1032
1585
1050
1047
0
0
1094
0
1106
1028
1581
1090
1043
1066
1618
1614
1570
1554
1052
1577
1550
1546
1102
1098
1086
1082
1078
1074
1070
1062
1058
1038
3659
0
0
0
0
0
0
0
0
1552
1601
1798
1039
0
0
0
1095
0
1548
1025
1794
1107
0
1091
0
1067
1619
1544
1053
1034
1615
1587
1583
1575
1539
1103
1540
1577
1030
1099
1087
1083
1079
1075
1071
1044
1049
1610
1063
1059
0
0
0
0
1040
1569
3654
0
0
0
0
0
0
0
0
0
1024
1605
1798
1047
0
0
0
0
0
0
1568
1601
1794
1539
0
0
0
1095
0
1107
1052
1033
1042
1071
0
1067
0
1091
1619
1615
1048
1029
1038
1587
1583
1575
1555
1551
1543
1103
1544
1577
1610
1099
1087
1083
1079
1075
1063
3107
0
0
0
0
0
0
0
0
0
1052
1605
1542
1799
0
0
0
0
0
0
1568
1601
1538
1795
0
0
0
0
0
0
1048
1029
1042
1039
0
0
1094
0
1070
0
1044
1025
1066
1035
1090
0
1106
1618
1614
1586
1544
1577
1582
1574
1554
1550
1102
1098
1086
1082
1078
1074
1062
1058
3659
0
0
0
0
0
0
0
0
0
1024
1605
1798
1543
0
0
0
0
0
0
1568
1601
1794
1539
0
0
0
0
1095
0
1052
1033
1042
1107
0
1071
0
1067
0
1091
1048
1029
1038
1619
1615
1587
1583
1575
1555
1551
1044
1577
1610
1547
1103
1099
1087
1083
1079
1075
1063
3107
0
0
0
0
0
0
0
0
0
1572
1605
1046
1043
0
0
0
0
0
0
1568
1601
1538
1795
0
0
0
0
0
0
1052
1029
1798
1039
0
0
0
1094
0
1070
1048
1025
1066
1035
1090
0
1106
1618
1614
1586
1544
1577
1582
1554
1550
1542
1102
1098
1086
1082
1078
1074
1062
1058
3659
0
0
0
0
0
0
0
0
0
1572
1541
1606
1043
0
0
0
0
0
0
1568
1537
1602
1795
0
0
0
0
0
0
1052
1797
1030
1039
0
0
1093
0
1069
0
1048
1065
1026
1089
1035
1105
1617
1613
1585
1581
1044
1553
1549
1545
1101
1097
1085
1081
1077
1073
1061
1057
1578
3659
0
0
0
0
0
0
0
0
1552
1601
1798
1039
0
0
0
1095
0
1548
1025
1794
1107
0
1091
0
1067
1619
1544
1053
1034
1615
1587
1583
1579
1539
1103
1540
1049
1030
1099
1087
1083
1079
1075
1071
1044
1573
1610
1063
1059
0
0
0
0
1040
1569
3654
0
0
0
0
0
0
0
0
0
1572
1605
1798
1047
0
0
0
0
0
0
1568
1601
1794
1539
0
0
0
0
1095
0
1052
1033
1042
1107
0
1071
0
1067
0
1091
1048
1029
1038
1619
1615
1587
1583
1579
1555
1551
1544
1025
1610
1543
1103
1099
1087
1083
1079
1075
1063
3107
0
0
0
0
0
0
0
0
1051
1572
1605
1798
0
0
0
0
0
1547
0
1568
1601
1794
0
0
0
0
1611
0
0
1032
1045
1542
1095
0
1071
0
1067
0
1091
1028
1041
1538
1107
1619
1615
1587
1583
1579
1555
1052
1037
1026
1551
1103
1099
1087
1083
1079
1075
1063
3107
0
0
0
0
0
0
0
0
0
1572
1605
1798
1543
0
0
0
0
0
0
1568
1601
1794
1027
0
0
0
1095
0
1107
1032
1045
1538
1071
0
1067
0
1091
1619
1615
1028
1041
1050
1587
1583
1579
1555
1551
1547
1103
1052
1037
1610
1099
1087
1083
1079
1075
1063
3107
0
0
0
0
0
0
0
0
1572
1605
1798
1055
0
0
0
0
0
1024
1601
1794
1539
0
0
0
1095
0
1032
1585
1050
1067
0
1107
0
1091
1619
1028
1581
1046
1615
1611
1571
1555
1551
1543
1544
1577
1042
1103
1099
1087
1083
1079
1075
1071
1063
1059
3087
0
0
0
0
0
0
0
0
1572
1605
1542
1799
0
0
0
0
0
1032
1601
1538
1795
0
0
0
0
0
1028
1585
1050
1047
0
0
1094
0
1106
1052
1581
1090
1043
1066
1618
1614
1610
1570
1544
1577
1554
1550
1102
1098
1086
1082
1078
1074
1070
1062
1058
1038
3075
0
0
0
0
0
0
0
0
1048
1605
1542
1799
0
0
0
0
0
1568
1601
1046
1795
0
0
0
0
0
1552
1025
1042
1039
0
0
1094
0
1066
1548
1053
1106
1035
1090
1618
1614
1610
1586
1544
1577
1582
1574
1538
1102
1098
1086
1082
1078
1074
1070
1062
1058
3079
0
0
0
0
0
0
0
0
0
1024
1605
1798
1047
0
0
0
1095
0
1091
1568
1601
1794
1107
0
1071
0
1067
1619
1615
1052
1033
1538
1611
1587
1583
1575
1555
1551
1543
1048
1029
1042
1103
1099
1087
1083
1079
1075
1063
1544
1577
1038
3107
0
0
0
0
0
0
0
0
0
1052
1605
1798
1543
0
0
0
0
0
0
1568
1601
1794
1539
0
0
0
0
1095
0
1048
1029
1042
1107
0
1071
0
1067
0
1091
1044
1025
1038
1619
1615
1611
1587
1583
1575
1555
1544
1577
1034
1551
1103
1099
1087
1083
1079
1075
1063
3107
0
0
0
0
0
0
0
0
1052
1041
1798
1579
0
0
0
1095
0
1048
1091
1601
1794
1107
0
1071
0
1067
1604
1619
1615
1037
1030
1611
1587
1583
1575
1044
1555
1551
1547
1025
1538
1103
1099
1087
1540
1083
1079
1075
1033
1063
1570
3107
0
0
0
0
0
0
0
0
1552
1601
1798
1039
0
0
0
1095
0
1548
1053
1794
1107
0
1091
0
1067
1619
1544
1049
1034
1615
1611
1587
1583
1539
1103
1540
1577
1030
1099
1087
1083
1079
1075
1071
1044
1573
1026
1063
1059
0
0
0
0
1040
1569
3654
0
0
0
0
0
0
0
0
0
1572
1605
1798
1047
0
0
0
0
0
0
1568
1601
1794
1539
0
0
0
0
1095
0
1052
1029
1042
1107
0
1071
0
1067
0
1091
1048
1025
1038
1619
1615
1611
1587
1583
1555
1551
1544
1577
1034
1543
1103
1099
1087
1083
1079
1075
1063
3107
0
0
0
0
0
0
0
0
0
1572
1605
1542
1799
0
0
0
0
0
0
1568
1601
1538
1795
0
0
0
0
0
0
1028
1037
1026
1051
0
0
1094
0
1070
0
1052
1033
1066
1047
1090
0
1106
1618
1614
1610
1544
1577
1586
1582
1554
1550
1102
1098
1086
1082
1078
1074
1062
1058
3091
0
0
0
0
0
0
0
0
1051
1572
1605
1798
0
0
0
0
0
1579
0
1568
1601
1794
1095
0
1107
0
1071
0
1067
1032
1045
1542
1091
1619
1615
1611
1587
1583
1555
1028
1041
1538
1551
1547
1103
1099
1087
1083
1079
1052
1037
1026
1075
1063
3107
0
0
0
0
0
0
0
0
0
1572
1605
1798
1047
0
0
0
0
1095
0
1568
1601
1794
1091
0
1107
0
1071
0
1067
1052
1033
1538
1619
1615
1611
1587
1583
1579
1555
1048
1029
1042
1551
1543
1103
1099
1087
1083
1079
1544
1025
1038
1075
1063
3107
0
0
0
0
0
0
0
0
0
1572
1605
1538
1543
0
0
0
0
0
0
1568
1601
1794
1799
0
0
0
0
1095
0
1048
1029
1042
1107
0
1071
0
1067
0
1091
1044
1025
1038
1619
1615
1611
1587
1583
1579
1555
1544
1053
1034
1551
1103
1099
1087
1083
1079
1075
1063
3107
0
0
0
0
0
0
0
0
0
0
0
0
0
0
0
0
0
0
0
0
0
0
0
0
0
0
0
0
0
0
0
0
0
0
0
0
0
0
0
0
0
0
0
0
0
0
0
0
0
0
0
0
0
0
0
0
0
0
0
0
0
0
0
0
0
0
0
0
0
0
0
0
0
0
0
0
0
0
0
0
0
0
0
0
0
0
0
0
0
0
0
0
0
0
0
0
0
0
0
0
0
0
0
0
0
0
0
0
0
0
0
0
0
0
0
0
0
0
0
0
0
0
0
0
0
0
0
0
0
0
0
0
0
0
0
0
0
0
0
0
0
0
0
0
0
0
0
0
0
0
0
0
0
0
0
0
0
0
0
0
0
0
0
0
0
0
0
0
0
0
0
0
0
0
0
0
0
0
0
0
0
0
0
0
0
0
0
0
0
0
0
0
0
0
0
0
0
0
0
0
0
0
0
0
0
0
0
0
0
0
0
0
0
0
0
0
0
0
0
0
0
0
0
0
0
0
0
0
0
0
0
0
0
0
0
0
0
0
0
0
0
0
0
0
0
0
0
0
0
0
0
0
0
0
0
0
0
0
0
0
0
0
0
0
0
0
0
0
0
0
0
0
0
0
0
0
0
0
0
0
0
0
0
0
0
0
0
0
0
0
0
0
0
0
0
0
0
0
0
0
0
0
0
0
0
0
0
0
0
0
0
0
0
0
0
0
0
0
0
0
0
0
0
0
0
0
0
0
0
0
0
0
0
0
0
0
0
0
0
0
0
0
0
0
0
0
0
0
0
0
0
0
0
0
0
0
0
0
0
0
0
0
0
0
0
0
0
0
0
0
0
0
0
0
0
0
0
0
0
0
0
0
0
0
0
0
0
0
0
0
0
0
0
0
0
0
0
0
0
0
0
0
0
0
0
0
0
0
0
0
0
0
0
0
0
0
0
0
0
0
0
0
0
0
0
0
0
0
0
0
0
0
0
0
0
0
0
0
0
0
0
0
0
0
0
0
0
0
0
0
0
0
0
0
0
0
0
0
0
0
0
0
0
0
0
0
0
0
0
0
0
0
0
0
0
0
0
0
0
0
0
0
0
0
0
0
0
0
0
0
0
0
0
0
0
0
0
0
0
0
0
0
0
0
0
0
0
0
0
0
0
0
0
0
0
0
0
0
0
0
0
0
0
0
0
0
0
0
0
0
0
0
0
0
0
0
0
0
0
0
0
0
0
0
0
0
0
0
0
0
0
0
0
0
0
0
0
0
0
0
0
0
0
0
0
0
0
0
0
0
0
0
0
0
0
0
0
0
0
0
0
0
0
0
0
0
0
0
0
0
0
0
0
0
0
0
0
0
0
0
0
0
0
0
0
0
0
0
0
0
0
0
0
0
0
0
0
0
0
0
0
0
0
0
0
0
0
0
0
0
0
0
0
0
0
0
0
0
0
0
0
0
0
0
0
0
0
0
0
0
0
0
0
0
0
0
0
0
0
0
0
0
0
0
0
0
0
0
0
0
0
0
0
0
0
0
0
0
0
0
0
0
0
0
0
0
0
0
0
0
0
0
0
0
0
0
0
0
0
0
0
0
0
0
0
0
0
0
0
0
0
0
0
0
0
0
0
0
0
0
0
0
0
0
0
0
0
0
0
0
0
0
0
0
0
0
0
0
0
0
0
0
0
0
0
0
0
0
0
0
0
0
0
0
0
0
0
0
0
0
0
0
0
0
0
0
0
0
0
0
0
0
0
0
0
0
0
0
0
0
0
0
0
0
0
0
0
0
0
0
0
0
0
0
0
0
0
0
0
0
0
0
0
0
0
0
0
0
0
0
0
0
0
0
0
0
0
0
0
0
0
0
0
0
0
0
0
0
0
0
0
0
0
0
0
0
0
0
0
0
0
0
0
0
0
0
0
0
0
0
0
0
0
0
0
0
0
0
0
0
0
0
0
0
0
0
0
0
0
0
0
0
0
0
0
0
0
0
0
0
0
0
0
0
0
0
0
0
0
0
0
0
0
0
0
0
0
0
0
0
0
0
0
0
0
0
0
0
0
0
0
0
0
0
0
0
0
0
0
0
0
0
0
0
0
0
0
0
0
0
0
0
0
0
0
0
0
0
0
0
0
0
0
0
0
0
0
0
0
0
0
0
0
0
0
0
0
0
0
0
0
0
0
0
0
0
0
0
0
0
0
0
0
0
0
0
0
0
0
0
0
0
0
0
0
0
0
0
0
0
0
0
0
0
0
0
0
0
0
0
0
0
0
0
0
0
0
0
0
0
0
0
0
0
0
0
0
0
0
0
0
0
0
0
0
0
0
0
0
0
0
0
0
0
0
0
0
0
0
0
0
0
0
0
0
0
0
0
0
0
0
0
0
0
0
0
0
0
0
0
0
0
0
0
0
0
0
0
0
0
0
0
0
0
0
0
0
0
0
0
0
0
0
0
0
0
0
0
0
0
0
0
0
0
0
0
0
0
0
0
0
0
0
0
0
0
0
0
0
0
0
0
0
0
0
0
0
0
0
0
0
0
0
0
0
0
0
0
0
0
0
0
0
0
0
0
0
0
0
0
0
0
0
0
0
0
0
0
0
0
0
0
0
0
0
0
0
0
0
0
0
0
0
0
0
0
0
0
0
0
0
0
0
0
0
0
0
0
0
0
0
0
0
0
0
0
0
0
0
0
0
0
0
0
0
0
0
0
0
0
0
0
0
0
0
0
0
0
0
0
0
0
0
0
0
0
0
0
0
0
0
0
0
0
0
0
0
0
0
0
0
0
0
0
0
0
0
0
0
0
0
0
0
0
0
0
0
0
0
0
0
0
0
0
0
0
0
0
0
0
0
0
0
0
0
0
0
0
0
0
0
0
0
0
0
0
0
0
0
0
0
0
0
0
0
0
0
0
0
0
0
0
0
0
0
0
0
0
0
0
0
0
0
0
0
0
0
0
0
0
0
0
0
0
0
0
0
0
0
0
0
0
0
0
0
0
0
0
0
0
0
0
0
0
0
0
0
0
0
0
0
0
0
0
0
0
0
0
0
0
0
0
0
0
0
0
0
0
0
0
0
0
0
0
0
0
0
0
0
0
0
0
0
0
