int
0
1
2
3
4
5
6
7
8
9
10
11
354
452
453
0
354
452
453
0
354
452
453
354
452
0
3
0
0
0
0
0
0
0
0
6
7
352
353
354
452
453
6
7
352
353
354
452
453
0
1
6
352
353
354
452
453
7
352
353
354
452
453
6
352
353
354
452
453
0
0
0
0
0
0
0
0
1
2
3
4
5
6
7
452
453
0
1
2
3
4
5
452
453
0
1
2
3
4
5
452
453
0
1
2
3
4
5
452
453
0
1
2
3
4
5
452
453
0
1
2
3
4
5
452
453
0
0
0
0
0
0
0
0
0
1
2
3
4
5
6
7
8
352
353
354
452
453
0
1
2
3
4
5
6
7
8
352
353
354
452
453
0
1
2
3
4
5
6
7
8
352
353
354
452
453
0
1
2
3
4
5
6
7
8
9
352
353
354
452
453
0
1
2
3
4
5
6
7
8
352
353
354
452
453
0
1
2
3
4
5
6
7
8
452
453
0
1
2
3
4
5
6
7
8
9
10
11
452
453
