int
0
1
2
3
4
5
6
7
8
9
10
11
12
13
1
4
0
3
354
452
2
5
354
452
0
0
0
0
0
0
0
0
0
0
0
0
352
353
354
452
453
352
353
354
452
453
352
353
354
452
453
352
353
354
452
453
352
353
354
452
453
352
353
354
452
453
0
0
0
0
0
0
0
0
0
0
0
1
2
3
4
5
6
452
453
0
1
2
3
4
5
452
453
0
1
2
3
4
5
452
453
0
1
2
3
4
5
452
453
0
1
2
3
4
5
452
453
0
1
2
3
4
5
452
453
0
0
0
0
0
0
0
0
0
0
1
2
3
4
5
6
7
8
9
452
453
0
1
2
3
4
5
6
7
8
452
453
0
1
2
3
4
5
6
7
8
452
453
0
1
2
3
4
5
6
7
8
452
453
0
1
2
3
4
5
6
7
8
452
453
0
1
2
3
4
5
6
7
8
452
453
0
1
2
3
4
5
6
7
8
452
453
0
1
2
3
4
5
6
7
8
9
10
11
12
13
14
452
453
0
