int
0
0
0
0
354
354
354
352
353
354
0
0
0
0
0
0
0
0
0
0
0
0
0
0
0
0
0
0
0
0
0
0
0
0
0
352
353
354
452
453
352
353
354
452
453
352
353
354
452
453
352
353
354
452
453
352
353
354
452
453
352
353
354
452
453
0
0
0
0
0
0
0
0
0
0
0
0
1
2
3
4
5
452
453
0
1
2
3
4
5
452
453
0
1
2
3
4
5
452
453
0
1
2
3
4
5
452
453
0
1
2
3
4
5
452
453
0
1
2
3
4
5
452
453
0
0
0
0
0
0
0
0
0
0
0
1
2
3
4
5
6
7
8
452
453
0
1
2
3
4
5
6
7
8
452
453
0
1
2
3
4
5
6
7
8
452
453
0
1
2
3
4
5
6
7
8
452
453
0
1
2
3
4
5
6
7
8
452
453
0
1
2
3
4
5
6
7
8
452
453
0
1
2
3
4
5
6
7
8
452
453
0
1
2
3
4
5
6
7
8
452
453
7
8
6
7
8
6
0
0
