int
0
1
2
3
4
5
6
7
8
9
10
11
12
13
14
15
16
0
1
2
3
0
1
2
3
4
0
1
0
0
0
0
0
0
0
1
4
6
7
0
1
6
7
0
1
2
3
0
1
2
3
5
1
4
0
1
2
3
0
1
6
7
2
5
0
1
7
0
0
1
6
0
7
6
7
6
0
1
2
3
4
5
6
7
8
452
453
0
1
2
3
4
5
452
453
0
1
2
3
4
5
452
453
0
1
2
3
4
5
452
453
0
1
2
3
4
5
452
453
0
0
0
0
0
1
2
3
0
352
353
354
0
0
0
0
1
2
3
4
5
6
7
8
9
352
353
354
452
453
0
1
2
3
4
5
6
7
8
352
353
354
452
453
0
1
2
3
4
5
6
7
8
352
353
354
452
453
0
1
2
3
4
5
6
7
8
9
352
353
354
452
453
0
1
2
3
4
5
6
7
8
352
353
354
452
453
0
1
2
3
4
5
6
7
8
352
353
354
452
453
0
0
0
0
0
0
0
0
0
0
